0.000000 1.785002
0.333333 1.709786
0.666667 1.544405
1.000000 2.110987
1.333333 1.891046
1.666667 2.222348
2.000000 2.449409
2.333333 2.590088
2.666667 2.798712
3.000000 ???
3.333333 3.113018
3.666667 3.676901
4.000000 3.881787
4.333333 3.430690
4.666667 3.489369
5.000000 4.094792
5.333333 4.398147
5.666667 3.953393
6.000000 4.980095
6.333333 4.304665
6.666667 4.711533
7.000000 4.584649
7.333333 4.897964
7.666667 5.530772
8.000000 5.374816
8.333333 5.431763
8.666667 5.377225
9.000000 6.266101
9.333333 6.619150
9.666667 6.156268
10.000000 6.050614
